-0.15257
0.16972
-0.90376
-1.15876
-1.12769
0.68014
0.18039
-0.46525
-0.45429
0.98063
0.46663
-0.56331
0.27127
-0.1868
-0.18364
-0.61458
0.63107
-0.00509
-0.66946
0.53353
0.49159
-0.35735
-1.00645
-0.5752
-1.13573
-0.34399
-0.5862
-0.70529
-0.81538
-0.75185
-0.85069
-0.80974
0.35724
0.39113
-1.15284
-0.46179
-0.13748
-0.70217
0.0607
0.16905
-0.82827
-0.47582
-0.61295
0.46069
-0.27698
-0.43851
0.8085
-0.31624
-0.16972
2.4756
-0.24137
0.63233
2.5968
0.37538
2.1573
-0.80431
-0.38853
-0.97651
-0.82509
-1.43304
-0.83944
0.74707
-0.19856
-0.49463
-0.60932
-0.49148
-0.14545
-1.09456
0.40806
1.00966
0.39104
-0.50273
0.81226
0.5881
0.54216
0.2751
-1.26167
-1.29387
0.14304
-0.64096
0.68013
0.13622
-0.92426
0.61351
0.68698
0.45902
-0.11709
0.61994
-0.18302
0.12094
-0.50492
-0.02994
0.67658
-0.99232
-0.40867
0.62516
0.35314
-0.36773
-0.30621
0.54149
-0.60472
-0.07078
-0.47695
0.94148
-0.54023
0.21537
0.11255
1.14599
-0.92636
0.72722
0.70159
-0.42251
-1.11413
-0.82827
1.4358
-0.88445
-0.95464
-0.08396
-0.10573
0.35781
1.25293
0.52472
2.05862
1.79564
-0.14229
-0.41107
0.03396
-0.16223
-0.85659
-0.13549
0.02084
-0.00161
-0.36581
-0.1681
-0.03058
-0.7606
-0.13283
0.00742
2.49112
0.2389
-0.95889
-0.53761
0.1946
0.72302
0.98766
-1.00155
-0.46348
1.71341
-0.82873
-0.5674
-0.35902
-0.39972
-0.33613
1.85243
-0.21931
0.78415
-0.66149
0.60467
0.24633
0.24649
-1.19714
-0.08622
0.3947
1.01128
-0.70016
1.8191
1.85647
-0.33898
2.40832
-1.79572
-0.09141
0.69449
1.60607
0.29565
0.73099
0.51193
-0.22157
-0.36432
-0.07961
-0.06538
-1.29561
-0.90815
0.59692
-0.88231
-0.80646
-0.26623
2.42357
0.22177
-0.78118
1.17428
-0.21721
0.25334
-1.03595
-0.08667
-0.29805
0.83341
1.15859
-0.99831
-0.90381
0.34075
-0.57658
1.08676
-0.71094
0.43311
0.16073
0.32758
0.21597
0.42539
-0.83568
-0.37798
0.79125
