-0.64131
-2.39331
2.41026
2.29599
1.06573
0.76426
0.26159
-1.37765
1.46626
0.02869
0.25167
0.56684
0.52985
-1.04991
0.45049
-0.75576
0.17539
0.7245
0.76149
1.8276
0.23624
-0.94149
1.01225
-0.47011
0.13838
-1.2249
1.07775
-0.46377
-0.64468
0.50488
1.2006
-1.09371
-0.20342
0.21966
0.07379
-0.02826
-0.86638
0.14842
-1.09703
-0.42128
0.39692
-0.54098
-0.93365
-0.0965
0.39654
0.64897
-0.79871
-0.98086
-0.70356
0.17579
-1.50527
0.2355
-0.43185
0.42922
-0.7203
0.5004
-2.23888
0.48586
0.95521
-0.08822
-0.16547
0.15008
0.62454
-0.3983
-1.01242
-0.92169
0.17926
-0.48859
0.81235
0.40719
2.00323
-0.31648
0.03798
0.42655
0.28732
1.89211
-0.62228
0.8789
0.36682
1.33113
0.30473
-0.50208
0.43637
0.27732
0.11349
0.30076
0.18817
-0.45865
-0.6348
-0.34613
2.7734
-0.06765
0.09698
1.31146
-1.12231
0.40051
0.26175
-0.94219
-0.31439
0.30472
2.41828
0.3705
-0.02975
0.31301
-0.88879
0.14015
-0.00966
0.43368
-1.18472
0.35506
0.30538
-0.91727
0.07968
0.39692
-0.16175
-0.57498
0.65685
-0.83116
0.52038
0.79329
-0.48424
-2.4192
-0.17954
-1.50818
-1.14386
0.23997
-0.87082
-0.09983
-0.06004
0.76943
-1.00784
2.40347
-0.74723
-0.99395
-0.36363
0.35785
-0.79416
-0.49039
0.00895
0.31009
-0.89612
0.33695
-0.16054
0.01933
0.1953
0.99612
-0.54802
0.54895
-0.31769
-0.41608
-0.73932
-0.17017
-0.26905
0.45856
0.34858
0.03987
0.15237
-0.53853
-0.05863
-0.006
-0.40211
2.65159
0.42725
0.69451
1.40986
0.40553
0.5121
-1.28339
0.01829
-1.12523
-0.58199
1.17146
0.68933
0.58011
0.17204
-1.1811
-0.50846
-1.53141
0.40924
1.40514
1.49779
-0.25009
-0.1844
0.24895
-1.08632
-1.43095
0.32423
0.26311
-0.08114
0.47212
0.54351
-0.62674
1.23705
-0.82166
-0.67597
-0.07245
-2.30681
-0.73619
-0.70092
0.18458
-0.58143
0.34411
-0.54348
-1.39514
1.32724
0.15481
-0.20834
1.28728
-0.48507
-1.02726
-0.24995
