0.02489
0.40784
-0.37907
-0.6353
0.27804
-0.58272
0.25949
-0.37533
-0.17013
-0.56314
-0.29223
-0.00208
0.21593
-0.242
1.36942
0.11232
0.08219
1.09755
0.63906
-0.10741
-0.37155
0.94289
0.20843
-0.4153
0.41114
-0.13285
-0.13271
-0.47462
0.50784
0.37136
-0.17648
-0.49199
-0.02078
0.5226
0.43924
0.13674
0.39077
-0.26742
-0.31977
-0.37158
0.22375
-0.31127
-0.10152
-0.51986
0.25337
-0.24058
-0.06309
0.07518
0.91782
-0.59379
-0.28711
0.81882
-0.32996
0.50128
-0.36928
0.56646
-0.49256
0.42211
-0.21609
0.11318
-0.59527
-0.2711
-0.51316
0.23393
0.28164
0.77435
1.12129
-0.3585
1.06558
-0.37582
-0.06085
0.34681
-0.42853
0.12971
0.82747
0.10647
0.79135
0.91862
0.29452
0.77558
-0.47109
0.36345
-0.218
0.31082
-0.02015
-0.15392
0.06883
-0.30501
-0.24552
-0.27592
0.1814
-0.47079
-0.73542
-0.08898
0.69335
0.24045
-0.51414
-0.08117
-0.83517
-0.52464
-0.43464
0.27638
-0.07347
0.05606
-0.1702
-0.55115
0.46315
1.61846
-0.71608
0.68253
-0.50056
-0.06476
1.60557
0.35805
0.70556
-0.44623
0.38968
-0.04678
0.75879
-0.43046
-0.55288
1.44557
1.48706
-0.22877
-0.01131
1.3674
-0.4754
0.90962
-0.61221
-0.36999
0.15432
0.91348
-0.23453
-0.15388
-0.33684
0.60444
-0.27629
-0.16365
0.13489
-0.51366
0.3745
1.33865
-0.3286
-0.52724
-0.47267
0.11907
-0.14327
-0.6756
-0.2687
-0.7403
-0.4426
-0.87699
-0.15617
1.30428
-0.26213
-0.71894
0.85539
-0.37963
0.36746
-0.39668
1.70122
-0.31284
0.10807
0.40299
0.97654
-0.63615
-0.34193
-0.37827
-0.34482
-0.13072
-0.52723
-0.44435
0.19229
-0.29338
-0.6368
0.74977
1.19001
2.3364
-0.4922
-0.25859
-0.17407
0.69382
-0.25486
1.2823
-0.19372
-0.15417
0.35048
-0.18487
0.35867
-0.15035
-0.23048
1.0559
-0.24166
-0.28342
-0.597
-0.47222
0.50881
0.28081
-0.3878
-0.22862
-0.18747
0.10103
0.07862
-0.72723
-0.01855
-0.47196
-0.57452
1.57423
0.63941
-0.28353
-0.68366
-0.62405
0.49945
-0.45381
-0.20927
-0.54039
-0.80686
-0.59029
-0.58034
-0.55212
-0.47317
-0.54432
-0.64612
1.59802
-0.59135
0.91698
0.06065
-0.05609
-0.29217
-0.44569
-0.28775
0.23775
0.72043
-0.3804
0.7013
-0.18753
0.22894
-0.07412
-0.52569
0.35344
-0.17949
-0.61292
0.73647
-0.14046
-0.49609
1.55846
1.15757
-0.34692
0.04377
0.81826
-0.29919
-0.52924
0.14359
-0.21217
0.15137
-0.2004
-0.13996
-0.4573
0.99244
-0.42459
-0.01061
0.85229
-0.59951
0.10658
0.81325
-0.36303
0.17777
-0.48456
-0.24473
-0.32121
-0.40778
-0.23963
-0.41364
0.12856
-0.61589
-0.65737
0.24271
1.63837
0.69538
0.17557
-0.42774
-0.7028
-0.71154
0.38896
-0.37591
-0.05258
-0.67419
-0.58134
-0.26604
0.11402
-0.50718
-0.52602
-0.36583
-0.06124
1.34727
0.51309
-0.4372
0.13711
-0.18332
-0.56019
-0.37927
-0.0717
-0.36815
-0.48152
-0.18819
-0.25321
-0.5933
1.64769
0.19191
-0.52045
1.94718
-0.72171
-0.48265
0.1098
1.90279
-0.48666
-0.29881
0.56652
0.81632
-0.26051
-0.11684
0.9058
-0.59498
-0.37548
-0.86831
-0.56557
0.52443
-0.64095
-0.80955
-0.4852
-0.47909
-0.16805
0.00801
0.2208
2.0189
-0.36558
-0.51794
-0.22785
-0.07226
-0.48276
1.72856
-0.48451
0.43164
-0.15697
-0.11147
-0.38582
0.10719
-0.52468
-0.34821
-0.37239
-0.10269
-0.37016
1.27781
-0.00473
-0.17499
1.09114
-0.15819
1.12092
0.60746
0.74761
-0.67925
-0.41235
-0.41819
0.11976
-0.73358
0.77758
-0.18173
-0.48323
-0.50781
-0.3679
-0.70552
-0.05936
0.62536
-0.35373
-0.60683
-0.09441
-0.57355
-0.50419
-0.5908
-0.04542
0.19115
-0.15667
-0.63516
-0.35836
-0.29405
-0.70804
-0.40596
-0.08888
-0.27644
-0.4774
0.14343
-0.62259
-0.32749
0.33002
-0.32526
-0.29847
-0.15462
0.07304
1.29049
-0.65057
-0.20419
-0.05496
0.21618
-0.01656
0.89303
-0.35401
0.21744
-0.07874
-0.40488
-0.34068
-0.14176
1.71291
-0.58609
1.14095
0.99232
-0.35504
-0.23975
-0.42934
0.50126
-0.42951
1.59042
-0.31428
0.70423
-0.07629
-0.72061
-0.5647
-0.26642
0.43799
1.56122
-0.52277
-0.47637
-0.3015
-0.15349
-0.48678
0.09747
-0.50654
-0.38468
-0.60592
0.07639
0.39885
0.0745
-0.2805
-0.20006
0.40927
-0.49795
-0.56941
-0.44609
0.24856
1.63128
-0.57003
0.13038
-0.42451
-0.35673
-0.01062
1.93543
1.45413
-0.71972
-0.77379
0.29957
1.33476
-0.44408
0.14605
-0.6216
-0.49729
0.6142
-0.12632
0.23613
-0.15174
-0.12669
0.5716
1.30612
-0.44861
0.27364
-0.34443
-0.14416
-0.59491
-0.45728
-0.45054
-0.43298
1.27344
-0.12771
-0.59755
0.68705
-0.2172
1.12427
-0.76893
-0.33669
-0.33867
-0.49314
-0.22042
1.21732
0.29739
-0.25301
1.19344
-0.31311
-0.19349
-0.46945
0.34736
0.1841
-0.55659
-0.49614
-0.46182
-0.3542
-0.0687
0.07331
-0.39943
-0.4772
0.51887
-0.20526
0.04645
-0.7851
-0.18746
0.31805
0.32796
-0.28184
-0.13496
-0.17547
0.04879
-0.5193
-0.1679
-0.24579
-0.15272
-0.44299
-0.8299
0.36257
0.28653
-0.04
-0.35629
-0.34884
0.53721
-0.71835
0.39401
-0.26881
-0.41391
-0.05859
2.66144
-0.70742
0.18388
-0.13702
-0.2387
