0.06124
0.49362
0.09406
-0.34446
-0.01472
0.22578
-0.80317
0.54868
-0.28181
0.19527
0.052
0.86051
-0.08048
-0.73259
-0.48371
-0.00309
0.10234
0.67288
-0.16638
1.1109
0.93097
-0.57789
-0.16404
-0.61023
-0.1271
0.55529
-0.25267
-0.03009
0.19907
0.09912
-0.31361
-0.72431
0.50393
0.07654
1.21835
-0.79778
-0.27927
0.00086
0.44299
-0.11945
-0.95166
-0.7384
0.513
0.7083
-0.1946
0.07823
0.32105
0.78971
-0.4352
-0.19991
0.0839
-0.76495
0.23269
-0.5067
1.17429
0.32045
-0.41902
-0.31349
0.23157
-0.00094
-0.0137
-0.35997
-0.08881
0.13227
0.19504
-0.46496
-1.07635
0.42434
0.90315
-0.74484
0.28444
0.03365
0.32738
1.19093
-0.45053
0.1046
-0.96103
-0.89811
0.39577
0.66131
0.2905
0.23442
0.51012
-0.06838
-0.3904
0.84879
0.14388
0.52081
-0.40005
-0.07472
-0.58652
-0.5871
-0.62206
-0.0081
-0.11397
-0.91897
0.50313
-0.87915
-0.60287
0.03031
0.50608
-0.27789
0.21495
-0.56709
-0.64935
-0.61439
0.48141
-0.18005
-0.10615
0.89407
0.30585
0.84038
0.43418
-0.92974
0.12148
-0.06376
0.27985
-0.55993
-0.23465
0.1672
-0.69936
-1.00505
0.78303
0.66021
0.60006
0.07456
-0.06639
-0.4284
-0.12252
-0.2708
-0.83581
-0.97574
0.42875
0.26545
0.17308
0.06959
0.20135
0.96732
0.71281
0.28775
-0.55765
0.68611
0.16105
0.41401
-0.5176
1.34721
-0.06045
-0.33224
0.09796
-0.1935
-0.79285
-0.52172
0.8006
-0.3621
0.24992
-0.07512
-0.11627
0.46777
-0.39127
-0.76363
-1.06941
0.52034
-0.67698
0.24561
-0.1476
-0.04665
-0.23419
0.15146
-0.02486
0.31228
-0.67374
-0.59991
0.50601
0.40844
-0.18717
-0.33221
-0.58148
0.87557
-0.74123
-0.32326
-0.38012
-0.29164
0.4153
0.81949
0.42994
0.62376
0.85817
0.66605
0.08401
-0.39679
0.49317
0.60596
0.76502
-0.29194
-0.49645
-0.70723
-0.38212
0.14782
-0.4116
0.96631
1.07972
0.99643
1.12267
-0.52347
1.01642
0.32487
-0.16417
-0.84511
-0.99189
0.16288
-0.3947
0.11775
-0.49778
-0.32813
0.24094
0.18763
-0.60346
0.27803
-0.68686
-0.58567
0.15547
0.41662
-0.3196
-1.11114
-0.5036
-0.58923
0.18764
0.52924
-0.39724
0.23448
-0.05508
0.12992
1.26936
0.65354
-0.34911
0.77797
0.20641
-0.01328
-0.08127
-0.71943
0.18502
-0.05437
-0.37564
0.78026
0.17823
0.67842
-0.58784
0.35727
0.32946
1.23291
0.20116
-0.7182
-0.03294
-0.58541
0.38065
0.21092
0.62157
-0.65294
-0.31807
0.55582
0.42458
-0.80697
-0.09523
-0.09638
-0.78663
0.40682
0.69863
-0.17119
-0.03588
-0.05017
0.32237
-0.10284
0.67449
-0.36143
-0.60485
-0.63156
0.98772
-0.03089
-0.993
-0.12847
-0.49544
0.04506
0.22376
-0.45764
0.48039
0.39289
-0.36612
0.41055
0.60137
0.24821
-0.70978
0.30588
-0.62867
-0.21932
-0.78354
-0.50451
0.20703
0.54953
0.67963
0.37796
-0.69098
0.38883
0.27346
0.08781
-0.23799
-0.76429
0.17589
0.83458
0.99792
-0.64215
-1.04733
-0.41184
-0.12498
0.0257
0.0912
0.36134
0.42393
-0.8562
-0.47172
-0.18514
0.633
0.55968
0.2578
-0.0907
-0.60234
-0.12057
0.68523
-0.59892
-0.31266
-0.32914
-0.26122
0.22022
-0.16196
0.41536
-0.04345
0.47696
-0.03214
-0.58957
0.24439
0.12341
0.70537
-0.17221
0.88581
0.39485
0.89156
1.07933
-0.22278
0.00138
0.71276
-0.51464
0.41035
0.9344
-0.38897
0.85246
-0.7656
-0.67174
-0.09828
-0.95324
-0.38517
-0.34059
-0.14344
-0.18091
-0.26461
0.15915
-0.15736
0.03116
-0.79736
0.41853
-0.64058
0.34301
-0.26941
-0.3894
0.48235
0.32455
-0.05369
0.54962
-0.37265
0.36415
-0.44619
-0.06178
0.67758
0.34903
-0.25536
-0.3672
-0.2814
-0.07946
0.82058
-0.30266
0.05035
0.03582
0.72561
0.1364
0.09229
0.47983
0.0742
0.84322
0.55539
0.04432
0.72389
-0.31357
-0.32507
0.19958
-0.87828
0.45852
-0.38159
-0.40905
0.71964
0.5861
-0.51996
0.27943
-0.48843
0.837
0.31734
0.55361
-0.71658
0.59878
0.78498
0.13638
0.76096
0.36684
0.35874
-0.70402
0.30261
-0.58348
-0.60078
0.05437
0.33138
-0.58179
0.24821
-0.61912
0.0064
-0.07053
0.54158
-0.10278
0.67532
1.0788
-0.38321
-0.40282
0.21476
-0.95008
0.71808
0.0052
0.41475
0.03282
0.73344
-0.07299
-0.55008
0.75242
-0.01231
0.00217
0.23532
0.4606
0.10174
1.12991
-1.04846
0.1133
-0.54928
-0.19668
-0.12923
-0.58418
-0.4809
-0.9211
0.22053
-0.55826
0.78989
0.73619
-0.00654
0.47299
-0.0808
-0.23087
-0.73323
-0.09799
0.44816
-0.50962
0.06482
-0.63363
0.60997
-0.72809
-0.21032
-0.7327
-0.82231
-0.18261
-0.51661
0.61559
1.06672
-0.67319
0.19007
0.39595
0.00424
0.56365
0.46007
-0.95744
0.4989
-0.81549
-0.81496
0.74281
0.47898
0.66919
0.838
-0.17975
-0.36486
-0.39683
-0.0321
-0.48698
0.60385
-0.7752
0.45747
-0.04455
-0.69155
0.23614
-0.61351
0.23533
-0.2734
0.43979
-0.80069
-0.86721
0.37023
0.31555
-0.07796
-0.36924
-0.3528
0.2821
-0.44688
-0.60395
-0.3113
-0.16524
-0.90596
0.07712
-0.67429
0.20914
-0.75258
0.18105
-0.82835
0.68022
-0.15285
0.31879
0.11984
-0.79284
-0.83616
-0.00158
