255
152
211
344
200
147
411
87
460
9
88
449
363
122
430
269
298
379
520
15
405
375
256
320
57
276
93
522
312
191
114
474
384
247
257
183
62
239
111
389
463
296
68
131
346
94
538
506
75
425
16
7
454
174
268
305
300
117
72
393
2
138
113
37
154
532
159
41
394
3
498
273
240
160
499
84
187
157
508
63
140
26
534
175
377
477
539
447
518
287
245
220
83
345
244
73
511
195
537
212
529
224
446
403
492
89
104
339
107
155
186
129
225
12
432
234
197
28
58
137
101
266
372
304
505
59
438
182
528
297
386
471
367
100
47
205
144
149
105
267
261
422
325
475
92
396
334
168
82
456
143
31
282
348
459
108
99
504
420
230
340
90
253
464
165
362
322
204
515
227
20
516
374
303
442
361
507
335
162
450
332
213
356
4
81
527
274
202
201
210
395
352
526
480
69
23
120
34
128
500
275
36
330
495
8
53
145
86
323
313
146
409
445
476
284
521
45
366
30
347
153
434
381
51
43
417
189
406
24
391
206
301
188
0
451
52
424
271
513
295
66
387
67
228
462
252
176
193
418
531
270
218
419
115
151
126
156
70
431
17
288
110
198
208
433
231
510
341
299
80
119
169
501
21
302
265
292
150
373
106
19
14
365
429
136
444
331
11
142
18
121
56
481
443
236
130
523
478
185
485
95
171
378
278
315
166
400
258
127
437
32
33
392
35
272
71
427
172
488
327
415
48
135
497
536
350
238
46
78
370
311
123
441
519
237
181
336
514
170
215
338
286
306
285
133
61
283
194
263
453
25
132
524
235
60
280
232
404
229
466
355
226
40
468
161
426
455
29
489
316
158
308
246
76
254
65
109
294
398
251
458
484
207
472
483
413
461
54
328
6
351
42
85
457
264
77
243
242
436
329
163
38
517
27
533
385
390
423
233
219
293
439
342
259
321
491
525
178
318
383
184
241
467
369
503
440
487
479
333
490
5
509
388
428
260
289
223
382
435
74
10
248
401
535
530
368
349
64
116
39
448
167
124
399
412
13
98
173
177
314
309
421
199
281
353
360
179
216
496
380
102
359
493
408
196
410
125
118
357
416
222
192
494
364
209
180
97
465
354
214
148
221
141
324
482
358
112
402
139
1
469
262
55
376
310
91
307
164
414
512
134
49
371
217
397
343
326
407
50
337
502
470
452
473
290
317
277
203
22
