-0.03253
0.32494
-0.20081
0.08299
-0.23363
-0.17733
-0.10528
0.00413
0.09851
0.23559
-0.13621
-0.04555
-0.11006
0.01771
0.15771
-0.15457
-0.11937
0.09789
0.13124
0.21953
-0.03822
-0.13548
-0.03137
-0.0084
0.01233
-0.21296
-0.13869
-0.06827
-0.54069
-0.04525
-0.15154
-0.17093
-0.1666
-0.19575
-0.02294
-0.2895
0.08105
0.01841
-0.25433
-0.03549
-0.08069
0.05111
-0.047
-0.08777
0.05401
-0.21182
-0.10851
0.11061
-0.0036
0.2651
-0.39199
-0.13527
0.07646
0.04797
-0.06526
0.0906
-0.16096
0.2871
0.13319
0.07903
-0.05105
-0.12706
0.09967
0.23382
-0.17829
0.00031
-0.07204
-0.14382
-0.31659
0.13509
0.15111
-0.16887
-0.19662
-0.16181
-0.13437
-0.20784
-0.07063
0.10685
0.01585
-0.14496
0.08452
0.20091
0.26602
0.31105
-0.29849
-0.01798
0.11615
0.23877
-0.09329
-0.07183
-0.0119
0.40214
-0.26787
-0.10243
0.08162
0.03661
0.16838
-0.12658
0.27543
0.05323
-0.00291
-0.11499
-0.05573
0.23581
-0.4151
-0.09311
-0.13497
-0.10789
0.20548
0.19629
0.01601
0.15168
-0.36489
-0.0941
0.04289
-0.29401
-0.07178
0.09669
0.16509
0.0293
0.24973
-0.14785
-0.18241
-0.19554
0.22152
-0.1105
-0.31314
-0.05254
0.10649
-0.02652
0.14845
0.31151
-0.27423
-0.01892
-0.06299
0.12493
-0.07362
0.18364
-0.01734
-0.10566
0.1645
-0.12567
-0.16282
-0.04557
-0.32943
0.22884
-0.25135
0.16584
-0.03997
-0.30544
-0.05373
-0.32461
-0.18343
0.0507
0.14727
0.0796
0.3102
0.09244
-0.06408
-0.13388
0.02576
0.02122
0.1605
0.1402
-0.17088
0.2681
0.07582
0.36842
0.21368
-0.04238
-0.17796
-0.13289
-0.01551
0.13042
0.20156
0.04163
-0.07622
0.08784
0.20709
0.06663
-0.06528
-0.02534
0.21742
-0.37977
0.15859
-0.01388
-0.17269
-0.13154
0.09016
-0.23319
-0.03604
0.37274
0.02982
0.0306
-0.03481
0.06783
-0.10493
0.19358
-0.27321
-0.07433
-0.2237
0.39978
0.26528
-0.26625
0.00844
0.07935
-0.41219
0.04301
-0.1103
-0.26779
-0.35918
0.09269
0.27909
0.17799
0.1707
-0.00535
0.18814
-0.01997
0.04916
0.04912
0.13519
0.18488
0.02184
0.36046
-0.20741
0.05748
0.26447
0.10746
-0.07595
-0.06173
0.29905
0.07678
-0.26916
0.3909
-0.03029
-0.23122
-0.57312
0.00256
-0.00741
0.15046
-0.01236
0.03868
0.15838
0.21426
-0.13076
0.40896
0.09924
0.28006
-0.1067
0.13677
-0.02923
0.10824
0.08172
0.12228
0.07647
-0.16817
0.04368
0.14596
0.15288
0.0762
-0.02695
0.16229
-0.21594
-0.26887
-0.02654
-0.00695
-0.22889
-0.04533
-0.06047
-0.22872
-0.30193
0.22715
0.1018
-0.03756
-0.01483
-0.05602
-0.18521
0.05091
-0.07787
0.03905
0.396
0.06601
-0.06057
-0.41794
-0.15718
-0.16795
0.13344
-0.2279
0.1031
0.11935
0.35289
-0.05021
0.04631
-0.31892
0.29137
-0.13653
-0.07257
-0.18682
0.06198
-0.00405
-0.21765
-0.08718
0.00216
-0.20968
-0.18754
0.23713
0.03347
-0.1067
-0.03444
-0.15575
0.10077
0.44467
0.07719
0.02569
-0.02778
0.26724
-0.03153
0.20687
0.07849
-0.23363
0.00441
-0.36815
-0.24628
-0.04085
0.13165
-0.38273
-0.05915
-0.05479
0.08436
0.09254
0.00204
0.15972
0.09143
-0.23146
0.10561
-0.22621
-0.12644
-0.02632
-0.02784
-0.04003
-0.15472
-0.08579
-0.07138
0.22773
0.15158
0.2504
-0.28026
-0.02479
-0.09902
0.46547
-0.08485
-0.03832
0.10995
0.05181
-0.01547
0.02238
-0.23002
-0.17755
-0.00905
0.08997
0.32425
0.0313
0.08348
0.02147
0.05772
0.25124
0.33911
0.25249
0.05478
0.32629
-0.02054
-0.05349
-0.16307
0.0683
0.30599
0.29828
0.04193
0.00789
0.08125
0.00542
-0.24529
-0.01568
-0.11518
-0.15328
0.35204
0.06948
0.00873
-0.09187
0.27741
-0.27839
0.10152
-0.17726
0.00559
0.0348
-0.08091
-0.24879
0.13357
0.15045
0.13735
-0.24388
-0.13694
-0.1786
-0.05061
-0.40655
0.07382
-0.19952
-0.18742
0.03146
0.06601
-0.02968
-0.14292
0.07393
-0.11844
0.03593
-0.02958
-0.11198
0.14356
0.66965
0.03767
0.31489
-0.09781
-0.0264
-0.07887
0.10408
-0.18583
-0.34011
0.13904
-0.06442
-0.23868
-0.05535
0.14445
-0.48646
-0.01484
-0.00414
0.00951
-0.08309
-0.07583
-0.06753
-0.31609
0.0443
-0.1264
0.0882
0.01452
-0.34176
0.0312
0.02198
-0.18557
-0.09736
0.01046
0.04639
-0.07195
0.11146
0.05673
-0.01954
-0.28142
0.13356
-0.0507
-0.25114
0.04942
0.09553
0.08193
0.37776
-0.15986
-0.39179
0.03992
0.03178
0.07281
0.0126
-0.06323
-0.17397
-0.11341
0.29636
-0.54001
0.27357
-0.00297
0.28026
-0.37447
-0.32557
-0.11129
0.08461
0.23137
-0.05797
0.04923
0.00832
0.11325
-0.19365
-0.08878
-0.17309
-0.02581
-0.05013
-0.00997
0.14175
-0.08579
-0.44934
0.28258
0.5003
0.08134
0.06497
0.0364
0.1266
0.05077
-0.39994
0.38015
0.29457
-0.01019
0.11709
0.20234
-0.22578
0.27938
0.14588
0.18157
0.07835
0.58151
0.09266
0.15045
0.28388
0.18998
0.18065
0.12712
0.33182
0.27271
0.08642
-0.34871
-0.05848
0.00735
0.22431
0.16545
0.34344
0.14594
-0.1539
-0.13744
0.21636
