-0.36239
-0.34827
-0.32922
0.15745
-0.12193
0.36266
0.11468
0.03326
0.12372
0.54909
0.27596
0.05544
0.02726
-0.24624
0.2154
-0.41242
-0.02837
-0.26865
-0.16454
0.17978
0.94919
0.56687
0.14501
-0.12635
0.3962
0.42673
-0.17798
0.31589
0.24787
-0.39842
0.01982
0.31234
0.02612
0.41321
0.19645
0.4666
-0.0993
-0.34839
-0.05701
-0.23756
-0.22273
-0.39964
-0.35691
0.13288
-0.19541
-0.03892
-0.39831
-0.01336
0.01116
-0.18442
-0.05235
0.05232
-0.55033
0.26167
0.06746
-0.09657
0.47712
0.39519
0.15891
0.12192
0.17888
0.5548
0.01188
0.67625
-0.09763
0.15084
0.25914
0.28148
0.49336
0.26403
-0.22908
0.04676
-0.25835
-0.10136
-0.12819
0.30926
-0.53194
0.11377
0.22656
0.0944
0.44729
0.19296
0.01612
0.43789
0.28076
0.15693
0.06917
0.96015
0.72767
0.11987
0.18901
0.02338
-0.5283
-0.51491
0.35757
-0.10444
0.64573
0.28648
0.56811
0.3485
-0.54099
-0.34072
0.26997
-0.36474
0.18115
0.07362
-0.12819
-0.09896
0.02677
-0.06883
0.18728
0.22714
-0.19867
-0.11633
-0.10491
0.38997
0.27378
-0.19162
-0.1072
0.15446
0.08698
0.17671
0.11029
0.05537
-0.00663
-0.25386
-0.25316
-0.03378
-0.15847
-0.00023
0.50811
0.31933
-0.07783
0.00346
0.0593
0.09389
0.17493
0.02936
0.24412
-0.21502
-0.36318
0.34248
0.21543
0.02542
0.05405
-0.95011
0.36139
-0.42049
-0.00517
0.38248
-0.33118
-0.00325
0.34329
0.36535
-0.1311
0.09274
0.45718
-0.01981
-0.24468
-0.30296
0.24695
-0.42734
0.32817
-0.55493
-0.1872
0.15371
0.34951
-0.73477
-0.48238
-0.35828
-0.51047
-0.35945
0.51325
-0.5482
0.46378
0.64837
-0.09021
0.34652
-0.67912
-0.32823
0.10097
0.14353
0.03568
-0.0335
0.67259
0.04157
0.55604
-0.67551
-0.1988
-0.31069
0.04987
0.43942
0.30861
-0.62218
-0.15859
0.15037
-0.41687
0.14677
-0.14059
0.13682
-0.10473
0.11433
-0.6852
0.01161
-0.35706
0.25879
-0.28669
-0.37914
0.28598
0.07247
0.02806
-0.44981
-0.33301
-0.50066
-0.23816
-0.38594
0.16047
0.53887
0.55018
-0.51367
0.04244
-0.65013
-0.53245
0.5547
-0.36963
-0.03631
0.55707
-0.30289
0.87658
0.02157
0.93732
-0.32754
-0.06403
0.05355
-0.37626
0.32942
0.07094
-0.30145
-0.65691
-0.58
-0.6692
0.25698
0.08266
-0.41168
-0.10743
-0.09194
-0.67293
-0.2979
0.06989
0.13929
0.22529
-0.00542
0.20733
0.23772
0.09861
0.63025
0.66976
-0.00554
0.12553
0.73602
0.1393
1.04665
-0.13195
0.04206
-0.13619
-0.46047
0.07272
-0.05267
0.13847
-0.70121
0.02872
-0.71997
-0.49435
-0.83449
-0.36748
-0.0291
-0.0151
0.21249
-0.4799
-0.05582
-0.95929
-0.0346
0.18338
-0.3632
0.06265
0.44754
0.07136
-0.2263
-0.73096
-0.1431
0.03426
-0.1622
-0.61784
-0.25654
0.44571
-0.31138
-0.28662
-0.12631
1.13486
0.44815
-0.04441
0.21497
0.22925
0.20595
-0.68027
0.13673
0.32855
0.08584
0.07202
0.19915
0.18147
0.88479
0.81548
-0.17751
-0.00453
-0.71002
-0.30593
-0.14774
-0.14673
0.19626
0.10335
0.08573
0.07564
0.26699
0.18413
-0.41658
-0.10152
0.02512
-0.27793
-0.13916
-0.03477
-0.16138
0.06412
0.49936
-0.48453
0.16396
-0.49554
0.2402
-0.11976
0.05434
0.30468
0.14776
-0.41997
0.82697
-0.62716
-0.97383
0.13249
-0.15812
0.16611
0.08783
-0.44253
-0.21886
-0.13399
0.34435
-0.06065
-0.496
-0.04433
-0.08111
0.27215
0.18213
0.49719
-0.19906
-0.19388
-0.21749
0.26551
0.4565
0.36364
-0.07331
-0.18888
-0.52694
-0.51878
-0.38662
0.04681
-0.79461
0.29596
0.04501
0.22901
-0.2706
0.05485
0.07301
-0.38846
-0.49111
-0.4148
-0.19846
0.73732
-0.32187
0.77028
0.1728
0.75496
0.07479
-0.10237
0.28166
-0.14332
0.88764
0.22039
0.28228
0.18876
0.1557
0.95366
0.16663
0.03065
-0.14414
-0.29926
-0.12676
0.07056
0.92284
0.08726
-0.12962
0.28117
-0.08626
0.57537
-0.16898
-0.04356
0.09011
0.38958
0.4685
-0.10018
1.28787
-0.15176
0.79763
0.33998
-0.14259
0.15732
-0.30069
0.17148
-0.06958
-0.18805
-0.03258
0.00271
0.01116
-0.14736
0.56333
0.00967
-0.15435
-0.00136
0.24216
-0.13823
0.09058
0.1236
-0.00818
0.03567
0.46064
-0.20215
0.07472
-0.03021
-0.05444
0.14401
0.07147
-0.65785
-0.83905
0.12663
0.37773
0.07227
0.20033
-0.23326
-0.1128
0.17544
0.19887
-0.53076
-0.0381
-0.53466
0.04553
-0.02411
-0.25804
-0.1416
0.40622
-0.09203
-0.10384
1e-05
-0.11782
0.09525
0.78807
0.31626
1.04956
0.30132
0.00433
0.7585
0.20712
0.2634
-0.04796
0.48893
0.00018
-0.23304
-0.1908
0.31913
0.03202
0.115
0.3322
0.2877
-0.40086
-0.18037
-0.65517
-0.33419
-0.03648
0.94094
-0.54082
-0.68608
-0.76594
-0.50549
-0.80002
-0.44391
-0.7661
-0.77178
-0.66518
-0.4593
0.26149
0.07678
0.02525
-0.64903
-0.9188
-0.70539
-0.71476
-0.40289
-0.58184
-0.89679
-0.73399
-0.32722
-0.84264
-0.36937
-0.66169
0.29359
0.00077
-0.16761
-0.19982
0.45281
-0.3202
0.01701
1.25015
0.50637
0.02666
1.05979
0.4446
