0.6362561015075057
0.360415993494236
0.02157413698876129
0.23895297832718826
0.2477642948828748
0.38547445371362454
0.4074939967022547
0.6985499464681795
0.26465155589055445
0.4366268112909687
0.4546914269747555
0.019077860828301763
0.10388433922659257
0.7050063406950491
0.5211136458270422
0.651204404815432
0.16682051736116799
0.6023315434500518
0.7991995520756067
0.6559572774843481
0.5393514443858837
0.5196521315510811
0.5360145812948264
0.06351620123222601
0.2663914643934791
0.40628503396796145
0.7299466096174819
0.3985331141490368
0.12618807416591007
0.5541038384972796
0.6701143583365259
0.12495352284681194
0.3809504772194008
0.46067127506561
0.44155199168301085
0.027838941350451098
0.44324904403431686
0.3344872473984089
0.39669263622289286
0.5165031869954442
0.6921915652614048
0.19701645427618375
0.2567552862130163
0.365657798739373
0.11182153915509783
0.7278131723143142
0.2975727717369663
0.4584699718735087
0.5666396510463485
0.11386985924270049
0.6573723228587143
0.284247364620856
0.27600676558797616
0.27087419363383236
0.662479053273578
0.6610014874475707
0.23913963640177616
-0.150203744
0.6677228900903549
0.6244491404612942
0.03761416315326527
0.21767433370892708
0.21963872981794805
0.22125933908795586
0.515654479309364
0.5382581027060023
0.5961829652098238
0.44883989634821364
0.7512702517347616
0.27088154906867706
0.6144880507553717
0.10717890229235955
0.277476613263996
0.5359287306931713
0.39117453291093696
0.5913218098923418
0.09056212604865532
0.058279931829787315
0.2851977893011869
0.17173483481096197
0.3744677597380045
0.31596178371134087
0.2131297311692268
0.032464522456972345
0.2307958528876005
0.3086434344399661
0.7617388703775546
0.6309453488168905
0.49487870278757584
0.41461790662217857
0.17788955605088472
0.10560671983168257
0.29677854305405016
0.461687018670623
0.753442911158436
0.015593340016576682
0.6531422484849116
0.3550065468823947
0.44884513987859853
-0.037991118
0.06744470489450019
0.12810327575583363
0.1839936157461365
0.7299054194641277
0.170092498751138
0.4109210221035178
0.3605512812072882
0.11434848850107543
0.7357277446767734
0.39966096016159447
0.3601527281553762
0.16265701609024247
0.07975134733106506
0.5643142143813729
0.6030923749282217
0.47435669272613284
0.08679251575606055
0.1501059183304239
0.1668267242726451
0.25375633443019724
0.41326158342705543
0.5397401867601747
0.261455686846086
-0.094718177
0.21990750250455807
0.4350574793674269
0.4264730403929783
-0.084325015
0.7307261067895638
0.4459132468917446
0.18890676638542964
0.293310119074446
0.7402702027227782
0.26240179278433196
0.17272145594754645
0.4982180236372593
0.2164174789858548
-0.023325933
0.42776503861061516
0.27633057992016935
0.3691884964692296
0.5241703640469384
0.4963099708674407
0.676504806403245
0.5199939095631765
0.5724078108663156
0.624485898152007
0.2206722498272511
0.5876958668507656
0.6029703373456264
0.47273888316845963
0.2842917800478667
0.42357158493656355
0.5289848903074306
-0.020924274
0.28474099027508687
0.5049403306585984
0.07151196029316266
0.09689060234143242
0.21401429558834256
0.18235146934499843
0.33309618752945114
0.5856341511332854
-0.003418704
0.04727658615266269
0.11267786131420747
0.44005583831672523
0.5739218131797481
0.2237841594998582
0.01377767245088067
0.5812053718892105
0.5854347876043309
0.4339754281709248
0.3605207849538997
0.10315744348473546
0.32005029333076995
0.5354644746387804
0.8409676775214227
0.36133195820929714
0.4098910426560084
0.5404988170245086
0.5298593616673725
0.1021133898663997
0.441115556806607
0.7638490253901506
0.8441831171359215
0.5562684600912877
0.301547465382355
0.12402333060632056
0.33975803478551325
0.48536074941437213
0.30692938257448754
0.4120272660750918
0.6051269784589658
0.6216644968254377
0.0948565031917028
0.512204054589735
0.7294427182398965
0.79626215344757
0.06156077143255338
0.455415822916708
0.07289655960811128
0.1326785247928802
0.3928311049194154
0.5785169467364994
0.048716740028096624
-0.037056803
0.6644230910911535
0.6208804574849752
-0.067355276
0.1153137857051385
