0.7192873547568925
0.6575104999914794
-0.009838014
0.27166030678534087
0.41012364196827433
0.3892319464383326
0.38485730073996627
0.7586715695530498
0.2698134035401862
0.41542536244889167
0.5716978467324885
0.49539545595311907
0.13656902326760606
0.7041739372559765
0.6976752542533126
0.7035060089882286
0.13807605345951893
0.49998106067198267
0.7363018620674542
0.7301439565233938
0.6667540341190827
0.6129143977415799
0.7057380343423723
0.296819448942894
0.5903235780020828
0.6379859354108712
0.6655559527267481
0.6652504561720263
0.19920312362541584
0.633896612508128
0.7747788797004691
-0.198331142
0.4824412804911695
0.5117250473423758
0.6252717569766681
0.061751359753004983
0.5693746088369553
0.444237758732058
0.4167870085745494
0.6137788648857034
0.6882402802838097
0.588011821020491
0.0009808054234411116
0.554471489096825
-0.004497138
0.7899747703327658
0.2752113837262194
0.6306981998107797
0.6291038371442358
0.2589122715843827
0.5759190808705204
0.7210267173777777
0.3739569433298716
0.3071098740215693
0.7882973722066857
0.6287387856334201
0.25970718377338375
-0.163189129
0.69764505006085
0.69134736468249
0.3026227322437384
0.17255945161488653
0.4572714108659315
0.3957953650243709
0.5236016516993861
0.46419329869856274
0.6273799248707141
0.4168522301275392
0.8369154845162134
0.42068133805421964
0.7091150780107365
-0.059292374
0.2051331374331197
0.7020673806899016
0.37995240125907515
0.6181288286390573
0.05138966909180046
0.14219495906035692
0.47946628055416424
0.10379969457224592
0.29593725448848274
0.2326437704584036
0.455093201490674
-0.235807676
0.2592279641985949
0.5731962498946561
0.7741087707550025
0.6941913778157253
0.5050286497009433
0.474017443406184
0.08779369002700935
0.07643976364495504
0.5227399430816894
0.6440748829790535
0.7691585259752265
0.07326028582250438
0.686327339862518
0.6685620573046536
0.22820021723382566
-0.078473768
0.06563144442795991
0.14513872482294288
0.25639679497256324
0.7620126478379194
0.09488937096659592
0.5941613903795475
0.39175195568786464
0.09072974211363315
0.7609211194976393
0.41482548899125027
0.43668557683869486
0.3576147120722347
0.31134611127713296
0.6208967104019096
0.7357684733065544
0.4630274741799994
0.14816921746528244
0.2135048290071101
0.5171110626120481
-0.042943728
0.5501881277287433
0.5900180720159367
0.7465680407936406
-0.111446067
0.10847428150960761
0.747200669352112
0.5910118133702706
-0.071390149
0.7574353644180656
0.4532208260100905
0.7106945487270102
0.5820053984203268
0.8378772006242752
0.40954396208316757
0.3816266878574806
0.9238978549437513
0.2624777296776326
0.02198380506097644
0.5046045846720503
0.28467639269111134
0.6521683398545869
0.6334693951110343
0.5129644623539883
0.716218359700975
0.6289766728630696
0.6447640320321737
0.6245486537664384
0.04660725694694025
0.7193676442502197
0.6111176533063305
0.6027419440185712
0.32846572944452057
0.3705032279055617
0.8358901105752427
0.006270750450049774
0.40869147844978565
0.5424207216215091
0.21515517480312354
0.03801841595065477
0.13969171712056724
0.09548592833303775
0.6745669656337723
0.8654329137233829
0.004776598841409838
0.146977855797157
-0.083047857
0.7897350233290418
0.7080254650546618
0.8022313147411295
0.05045176953372843
0.6625524661646017
0.9207492429371575
0.3641430489584767
0.48906289626443034
0.2571117802560948
0.3037076835868794
0.6589604166209575
0.7294169030211667
0.4208749537815362
0.42594675370060986
0.6286405137075228
0.6419533496344345
0.33652373979243944
0.43188439963370406
0.8092394098857829
0.803397549451299
0.9136022692751864
0.05833755683878869
0.16604915805950565
0.5746200063940359
0.7857064059340169
0.5632659315436968
0.3677431782695918
0.6596350475201795
0.7989897973735149
-0.130889143
0.5164913524846488
0.7704455132544767
0.8225199600759419
-0.000416679
0.5132102322715839
0.15252386102653784
0.2889779184101285
0.4027634208600411
0.6698140132408468
0.07430135192654858
0.09156989080187684
0.7642222936347494
0.6028536296039384
-0.224861628
-0.111257322
