0.6659899393769461
0.47992196761510464
-0.130039618
0.18279591383530192
0.17878530644943053
0.3583106101315289
0.3114807952390653
0.625731148417142
0.24920439068105243
0.3799752520545232
0.3549539894064049
-0.12037238
0.13594349900137048
0.6651478271999252
0.48748002908999355
0.6385923877235762
0.12744089361886382
0.4500843978168773
0.7551352264978541
0.6276951812276591
0.5171436991759394
0.5099251472376214
0.47420469499146956
-0.112089294
0.2299057684300681
0.3976359483530135
0.7253126696005048
0.3674996839522605
0.03145809627295446
0.5417950289947402
0.568720133765222
-0.010141927
0.4642535541421671
0.5283503385504127
0.44592739956624994
0.07714277094511639
0.4480115058058302
0.37663793974910603
0.3429650992002219
0.5375324334774927
0.6377441134052528
0.585936014320382
0.06587797425954017
0.23791951291323205
0.005358123914067054
0.6831085676083528
0.2983214514954685
0.639920800689566
0.5393320607684139
0.1245186878388582
0.5802231820312302
0.5273461523315894
0.16752252183439925
0.26276849045915107
0.6191890355712205
0.4696501366945558
0.209256911977596
-0.151101231
0.6078416531000138
0.6104590551736532
-0.027129156
0.26202193588575867
0.18591314674973042
0.16639442947629368
0.5196613014225229
0.2618730579653501
0.6135420102002032
0.3562550258908256
0.7659619835825804
0.0729560418209726
0.5799575483174235
-0.137495656
0.15179933203450774
0.48241613164893254
0.29497412212120644
0.49275813581721783
-0.033016142
0.13574034611151548
0.21203221172339032
0.08706759064245054
0.3474344703643535
0.2307286199722593
0.33176485516012
-0.289437452
0.19150768836919368
0.19165185825793604
0.6804100014881223
0.5808295162936481
0.4006932062987665
0.4594641726262489
-0.021550082
-0.046132258
0.17764407247375746
0.31754762843323525
0.6491409075626542
-0.159655845
0.5975657838463906
0.6074391629105634
0.32416878652808845
-0.20433639
0.13848565109777594
0.13803207081416868
0.22870505685973685
0.7213358380945722
0.1788831666433221
0.18751310932076132
0.37739562117056946
0.09949985583984522
0.6307030260165722
0.3796076840845989
0.3117266109498254
0.17170301268406007
0.19368629057370684
0.6138983257884988
0.5589734410259313
0.4519015880496402
0.063745183301542
0.028270802948867434
0.30065831977119384
0.153421691555555
0.41447614427046653
0.4558167201889016
0.3019098714850828
-0.042298446
0.17258258590879305
0.6498091089318145
0.5425627089341458
-0.172119921
0.700841130194719
0.3625232828818793
0.6302762718866757
0.172939379569448
0.6839233381265619
0.3114636633733917
0.35929635949462
0.7379333062317807
0.24526957581051212
-0.068220195
0.4276618696971138
0.2930937686577768
0.5695118687888495
0.5380773147379296
0.3746268410988775
0.6376618894496615
0.5973774173010862
0.47440435111070023
0.6062504066162935
0.048382882715790616
0.46232731378009073
0.6399003173499322
0.49240684845635785
0.24529761421583585
0.3682294907029821
0.6132509753703388
-0.047331969
0.34518469630305876
0.49940328372770726
0.15607616116208742
0.003727382747846701
0.04557604568427516
0.23811420242043235
0.5910109620836705
0.7679129680369554
-0.137991521
-0.062855339
-0.217578119
0.6380725563819084
0.6039842144511574
0.045413068946822774
-0.026160315
0.5127532818523491
0.8108961037110946
0.3057118905959715
0.4599196208179154
-0.005599069
0.269990029127047
0.568800967176147
0.6129096467809609
0.29094524628453355
0.4002941531321723
0.5013178516000062
0.5717152829699137
0.20290134644543828
0.24430574741099698
0.743873241661698
0.533506545810474
0.7746079426813293
0.1305162647923378
0.11189223862505583
0.5391572693739138
0.7223852372599964
0.21488058894239112
0.23820246992761462
0.5092280373085112
0.7506787424887504
-0.098310444
0.24936058559649713
0.7025030010047775
0.6954692417984352
0.037215506495534664
0.41795811776342995
0.10709250424230929
0.06320111969711481
0.4479359830265772
0.6075171179981242
-0.003286308
-0.089993306
0.6497391007995665
0.5354741755489685
-0.223745261
-0.000134931
